00, ,<,01
01,1,1,02
01,0,0,02
02,0,<,02
02,1,<,02
02, ,>,03
03,1, ,11
11, ,>,13
13,1,>,13
13,0,>,13
13, ,>,15
15, ,1,17
15,1,>,15
15,0,>,15
17,1,<,19
19, ,<,21
19,1,<,19
19,0,<,19
21,1,<,21
21,0,<,21
21, ,1,23
23,1,>,03
03,0, ,10
03, ,>,33
10, ,>,12
12,0,>,12
12,1,>,12
12, ,>,14
14, ,0,16
14,1,>,14
14,0,>,14
16,0,<,18
18, ,<,20
18,1,<,18
18,0,<,18
20,1,<,20
20,0,<,20
20, ,0,22
22,0,>,03
33,1,>,33
33,0,>,33
33, ,<,34 //мы скопировали число и перешли к его последнему элементу//
34,1, ,35
35, ,<,37
37,1,<,37
37,0,<,37
37, ,>,39
39,1, ,41 //мы удалили первый слева элемент скопированной последовательности//
41, ,>,43
43,1,>,43
43,0,>,43
43, ,<,34
34,0, ,36
34, ,1,99
36, ,<,38
38,1,<,38
38,0,<,38
38, ,>,40
40,0, ,42 //мы удалили первый слева элемент скопированной последовательности//
42, ,>,44
44,1,>,44
44,0,>,44
44, ,<,34
40, ,1,1032
1032,1, ,1034
1034, ,<,1034
1034,1,>,1036
1034,0,>,1036
1036, ,>,1038
1038, ,1,999
40,1,0,100
99,1, ,1034 
999,1,>,131 //Вывод в случае, если число палиндром//
99,0,#,100
131, ,#,130
100,0, ,101
101,1, ,101
101,0, ,101
100,1, ,100
101, ,>,100
100, ,>,105
105, ,0,1030
1030,0, ,1031
1031, ,<,1031
1031,1,>,1033
1031,0,>,1033
1033, ,>,1035
1035, ,0,103
105,1, ,100
105,0, ,100
103,0,>,130
39,0,0,100
39, ,1,99
130, ,#,130
